rho        =     1.18442993
visc       =     0.00001859
cp         =  1003.19071382
thermoCond =     0.02625784
